NDARAA408JMA
NDARAB634CP7
NDARAE245YC7
NDARAG959XTG
NDARAH276NPP
NDARAM170JXG
NDARAP654FVP
NDARAR841XX5
NDARAT876TZH
NDARAU513KLB
NDARAV021BGC
NDARAV160YUL
NDARAX256WAC
NDARAX310KGP
NDARAX700TR4
NDARAY581YVJ
NDARAZ370YRF
NDARBC072ZTZ
NDARBD681AAN
NDARBE052JRG
NDARBG014EZW
NDARBG672ZAY
NDARBK051RPR
NDARBK887DTY
NDARBT041ZVD
NDARBU536MBB
NDARBU638RCC
NDARBV174WZW
NDARBV702GXD
NDARBY526RLB
NDARCA900TPD
NDARCB955UGN
NDARCC489EJG
NDARCD303NCU
NDARCE396XJC
NDARCH556DM5
NDARCH706VKG
NDARCJ372MF0
NDARCK338GYD
NDARCL431HGF
NDARCL936UBX
NDARCM861RWX
NDARCP003NM8
NDARCR436HL3
NDARCT688XY8
NDARCU334XGH
NDARCU939PDG
NDARCV271ZWR
NDARCX275WX1
NDARCX563TDZ
NDARCZ259CBP
NDARDA249WR2
NDARDE253APN
NDARDE432HL7
NDARDF633WZH
NDARDF655GF2
NDARDG153PYN
NDARDL605EPP
NDARDM490UUQ
NDARDN464KAR
NDARDN829VXQ
NDARDP133RHF
NDARDT501GJR
NDARDU912NH6
NDARDV402HAG
NDARDX744RWP
NDARED914ZXC
NDAREE512AAT
NDAREK856CL2
NDAREL052YBF
NDAREL747HU0
NDAREN271CMZ
NDAREN375UL1
NDAREP646ZG1
NDAREX063EMH
NDAREX420NW4
NDAREY465EEQ
NDAREZ293FKX
NDARFA106HC3
NDARFD818MHL
NDARFG523MRR
NDARFG948LTC
NDARFK781FVV
NDARFM001DJT
NDARFM308VFM
NDARFM804CCN
NDARFP099KKE
NDARFU913PUN
NDARFW850UPV
NDARFY273LAN
NDARGD557ERJ
NDARGE263FL2
NDARGE544ANE
NDARGH483FYP
NDARGH998HWT
NDARGJ290VBV
NDARGJ629XYW
NDARGL082KKM
NDARGM013VA6
NDARGN677GZA
NDARGP802JFT
NDARGZ538GPC
NDARHC796UK7
NDARHE325RDE
NDARHE344VG3
NDARHF049TYW
NDARHF971MRJ
NDARHG121UWG
NDARHL007LNG
NDARHU002XXQ
NDARHU274MFC
NDARHU667LFJ
NDARHX444JBZ
NDARHX810LFM
NDARHY485CGE
NDARJA084GH1
NDARJA656KEL
NDARJA908VR3
NDARJB316JYA
NDARJB469PKH
NDARJB706ML9
NDARJD209FR6
NDARJG963EN3
NDARJH611URF
NDARJM821GT3
NDARJN021ACG
NDARJN572MH0
NDARJT708PRT
NDARJT735TBT
NDARJT898XFP
NDARJT919AGB
NDARJX241BET
NDARJX281MB6
NDARKA137FMR
NDARKA639VY2
NDARKB007HRH
NDARKB505WK2
NDARKB797MGR
NDARKC771CAT
NDARKD633HLD
NDARKE935GNU
NDARKJ237PC1
NDARKJ645MR7
NDARKK548UXW
NDARKK665GC9
NDARKP572NNC
NDARKR676BVB
NDARKT854CKY
NDARKV002ABE
NDARKY156HZQ
NDARLA605AUE
NDARLB226BHT
NDARLB355NBE
NDARLB583HFU
NDARLG292ANV
NDARLJ808GWT
NDARLK209LAR
NDARLM193AN5
NDARLM287VZ9
NDARLP687NXT
NDARLR078GUL
NDARLR811ABJ
NDARLU018MNV
NDARLU924KZ1
NDARLV267GLZ
NDARLV388VLU
NDARLW141KCB
NDARLX113UX2
NDARLY404AT0
NDARMC098RWA
NDARMD472JPD
NDARMD968NG6
NDARME070UY0
NDARME353RCF
NDARME881TTR
NDARMF860RFV
NDARMH305FWL
NDARMH607TBW
NDARMH835BVW
NDARMJ391FA7
NDARMM883AKG
NDARMR182HX3
NDARMV141ATL
NDARMX705VWY
NDARMX900YT7
NDARMY680URF
NDARMZ631GVY
NDARNC716ZZ0
NDARNG792YGE
NDARNH808NUU
NDARNK157VFZ
NDARNL140GMH
NDARNL778FNY
NDARNM033ZGL
NDARNM612JC1
NDARNP440GEN
NDARNU171UZM
NDARNY325WWL
NDARPA193RJR
NDARPA588ELA
NDARPA837BMM
NDARPB186VFF
NDARPC602MH8
NDARPE073VRC
NDARPF246YW9
NDARPF685LFK
NDARPG323TJX
NDARPG836PWJ
NDARPJ242AEW
NDARPK382CJE
NDARPT628XJY
NDARRC913TGF
NDARRD049JBW
NDARRE748ABB
NDARRG932VY9
NDARRK344CBP
NDARRK677MEX
NDARRK924TXM
NDARRL539CFK
NDARRM101HTX
NDARRM546UE6
NDARRU798JJE
NDARRW992LA5
NDARRZ416JNT
NDARTA315UTZ
NDARTA421ECP
NDARTA658MAU
NDARTB684URJ
NDARTN385XB2
NDARTP117MFZ
NDARTP360FA8
NDARTR194XG1
NDARTU613JPA
NDARTU722UV3
NDARTX042KFJ
NDARTX159EKA
NDARTY633WNU
NDARUF583HPJ
NDARUJ393MLB
NDARUM504ZMX
NDARUM615YTX
NDARUR715AU1
NDARUR867FT8
NDARUU127KGG
NDARUU972YP5
NDARUZ062TR7
NDARUZ436LDE
NDARVE660EDT
NDARVF993JYD
NDARVG441WR4
NDARVL005LNC
NDARVL016JY5
NDARVL173RVX
NDARVL515DXJ
NDARVL845HTZ
NDARVV405XEK
NDARVX405YW4
NDARVY677GMY
NDARWC871NVV
NDARWE883MZG
NDARWF755EAP
NDARWH621NPQ
NDARWJ500KB0
NDARWJ953ET6
NDARWN716ZHB
NDARWU220LTU
NDARWU967KZZ
NDARWW192XD4
NDARWW255YVV
NDARWY111EZP
NDARWZ200JMY
NDARXD533AD2
NDARXF294VW8
NDARXH258BPV
NDARXH781ECX
NDARXJ276RAB
NDARXN408NTU
NDARXT395LXA
NDARXT793EGH
NDARXU726PJK
NDARXU991EN2
NDARXV571FAR
NDARXV730DZ8
NDARXX473KC4
NDARXX854CJ9
NDARXY467BKN
NDARXY545VZG
NDARXZ483WYQ
NDARYA871AVK
NDARYD034VHM
NDARYD337YKP
NDARYE066TFW
NDARYE572ZCA
NDARYF940LPC
NDARYK906KF0
NDARYL950DBT
NDARYM328NWA
NDARYP207TKU
NDARYR926FV3
NDARYT112RZY
NDARYU003PUB
NDARYW598LYE
NDARZD915XRV
NDARZG173XE5
NDARZG660VB7
NDARZH220BVK
NDARZJ567AVT
NDARZL109NXE
NDARZM353LTP
NDARZM596RDP
NDARZN014RRW
NDARZW883MRK
NDARZX187CH9
NDARZY458TN1
